<svg version="1.1" xmlns="http://www.w3.org/2000/svg" viewBox="0 0 320.42162496725325 324.5868919921875" class="excalidraw-svg">
  <!-- svg-source:excalidraw -->
  
  <defs>
    <style class="style-fonts">
      @font-face {
        font-family: "Virgil";
        src: url("https://excalidraw.com/Virgil.woff2");
      }
      @font-face {
        font-family: "Cascadia";
        src: url("https://excalidraw.com/Cascadia.woff2");
      }
      @font-face {
        font-family: "Assistant";
        src: url("https://excalidraw.com/Assistant-Regular.woff2");
      }
    </style>
    
  </defs>
  <rect x="0" y="0" width="320.42162496725325" height="324.5868919921875" fill="#ffffff"/><g transform="translate(114.84864899069072 125.04739379882812) rotate(0 34.07781982421875 53.621185302734375)" stroke="none"><path fill="#1e1e1e" d="M 1.04,4.29 Q 1.04,4.29 -3.21,5.09 -7.48,5.88 -10.51,6.93 -13.54,7.98 -16.53,9.69 -19.52,11.40 -22.02,13.63 -24.52,15.87 -26.38,20.09 -28.25,24.32 -29.51,28.03 -30.76,31.74 -31.08,33.97 -31.40,36.20 -31.92,38.72 -32.44,41.25 -33.22,44.63 -34.00,48.02 -32.55,46.34 -31.09,44.66 -27.70,45.14 -24.31,45.61 -21.17,46.09 -18.02,46.56 -15.55,46.96 -13.08,47.36 -8.95,48.69 -4.82,50.01 -2.61,51.52 -0.40,53.03 2.82,57.49 6.06,61.95 7.08,65.02 8.10,68.10 8.67,70.93 9.23,73.76 9.45,76.81 9.66,79.85 9.93,82.21 10.19,84.57 10.33,86.70 10.47,88.82 10.54,91.98 10.60,95.15 10.68,97.84 10.76,100.54 13.75,101.74 16.74,102.93 20.41,103.75 24.08,104.56 27.66,104.95 31.24,105.35 33.57,105.37 35.90,105.39 38.93,105.24 41.96,105.10 44.40,104.74 46.85,104.38 48.87,102.76 50.89,101.13 52.63,98.63 54.36,96.13 55.74,93.69 57.12,91.25 59.10,88.01 61.08,84.77 62.85,81.74 64.62,78.70 65.77,76.22 66.93,73.74 68.50,70.24 70.08,66.73 72.37,63.56 74.66,60.38 76.91,58.85 79.17,57.32 82.05,56.38 84.93,55.43 89.17,54.43 93.41,53.43 95.60,52.42 97.78,51.40 98.90,48.35 100.02,45.30 100.62,42.66 101.23,40.03 101.67,36.67 102.12,33.31 102.19,31.01 102.26,28.71 102.23,24.59 102.20,20.46 101.55,17.84 100.90,15.21 99.69,13.35 98.48,11.48 95.18,10.96 91.88,10.45 87.96,10.36 84.04,10.27 80.57,10.15 77.10,10.03 72.97,10.24 68.83,10.44 66.54,10.81 64.25,11.17 60.15,12.12 56.06,13.07 52.08,13.48 48.10,13.89 44.33,14.11 40.57,14.33 37.50,14.49 34.44,14.64 31.13,14.93 27.81,15.21 24.00,15.34 20.18,15.46 17.69,15.07 15.19,14.68 12.28,13.84 9.38,12.99 7.22,12.00 5.06,11.02 2.40,10.42 -0.26,9.82 -2.46,6.99 -4.65,4.17 -5.13,1.67 -5.62,-0.82 -5.73,-1.88 -5.83,-2.93 -5.60,-3.97 -5.37,-5.00 -4.81,-5.91 -4.26,-6.82 -3.45,-7.50 -2.63,-8.18 -1.65,-8.57 -0.66,-8.96 0.39,-9.01 1.45,-9.06 2.48,-8.77 3.50,-8.48 4.37,-7.88 5.25,-7.28 5.89,-6.43 6.52,-5.58 6.86,-4.57 7.19,-3.56 7.18,-2.50 7.18,-1.44 6.83,-0.43 6.49,0.56 5.84,1.40 5.19,2.24 4.31,2.83 3.43,3.42 2.40,3.70 1.38,3.98 0.32,3.92 -0.73,3.85 -1.72,3.45 -2.70,3.05 -3.51,2.36 -4.31,1.67 -4.85,0.76 -5.40,-0.15 -5.62,-1.18 -5.84,-2.22 -5.72,-3.28 -5.60,-4.33 -5.15,-5.29 -4.69,-6.25 -3.96,-7.02 -3.22,-7.79 -2.28,-8.28 -1.34,-8.77 -0.29,-8.94 0.75,-9.10 1.79,-8.92 2.84,-8.75 3.77,-8.24 4.71,-7.74 5.44,-6.96 6.16,-6.19 6.60,-5.22 7.04,-4.26 7.04,-4.26 7.04,-4.26 6.57,-2.64 6.10,-1.03 8.31,-0.42 10.52,0.18 13.05,1.60 15.57,3.02 17.89,3.70 20.20,4.38 23.91,4.48 27.62,4.57 30.76,4.66 33.90,4.75 36.72,4.59 39.54,4.42 42.97,3.89 46.40,3.36 49.70,2.60 53.00,1.84 57.62,0.65 62.23,-0.54 64.70,-0.99 67.17,-1.44 70.25,-1.90 73.32,-2.35 77.51,-2.18 81.70,-2.01 85.05,-1.92 88.40,-1.83 90.56,-1.75 92.72,-1.67 95.72,-1.45 98.72,-1.23 101.06,-0.41 103.40,0.39 105.35,1.82 107.30,3.25 109.09,6.13 110.88,9.00 111.69,12.02 112.51,15.04 112.84,19.89 113.17,24.75 113.08,26.96 113.00,29.18 112.86,31.58 112.73,33.99 112.70,38.07 112.67,42.15 112.15,45.55 111.63,48.95 110.81,51.58 110.00,54.21 108.41,56.94 106.83,59.68 104.69,61.00 102.55,62.32 99.31,63.46 96.07,64.60 92.04,65.48 88.01,66.35 85.22,67.37 82.43,68.40 80.91,70.05 79.40,71.71 77.65,74.82 75.89,77.93 74.62,80.64 73.35,83.35 71.84,86.48 70.33,89.62 68.81,93.05 67.30,96.49 65.88,99.48 64.46,102.48 62.97,104.77 61.49,107.06 59.84,108.76 58.20,110.46 55.70,112.15 53.20,113.84 50.97,114.58 48.74,115.32 45.28,115.44 41.83,115.57 38.66,115.30 35.50,115.04 33.08,114.86 30.67,114.68 26.70,114.62 22.73,114.55 18.31,114.27 13.89,113.99 8.97,112.85 4.06,111.70 2.05,109.71 0.05,107.72 -0.68,105.69 -1.41,103.67 -1.48,101.04 -1.55,98.41 -1.51,94.77 -1.47,91.13 -1.33,88.09 -1.18,85.06 -1.17,82.87 -1.15,80.67 -1.35,78.25 -1.54,75.84 -1.95,73.67 -2.35,71.49 -4.02,67.58 -5.68,63.66 -7.50,61.80 -9.33,59.95 -12.13,58.75 -14.94,57.56 -17.14,57.11 -19.34,56.65 -22.35,56.32 -25.37,56.00 -28.63,55.79 -31.89,55.59 -34.86,55.39 -37.83,55.19 -39.85,54.09 -41.87,52.99 -42.75,48.82 -43.63,44.65 -42.57,41.85 -41.51,39.06 -40.87,36.76 -40.22,34.46 -39.62,31.98 -39.01,29.51 -38.08,25.16 -37.16,20.80 -35.77,16.89 -34.37,12.98 -31.13,9.46 -27.88,5.93 -25.91,4.67 -23.94,3.42 -20.01,1.92 -16.08,0.42 -12.72,-0.67 -9.35,-1.78 -5.20,-3.03 -1.04,-4.29 -0.51,-4.35 0.01,-4.42 0.54,-4.35 1.06,-4.29 1.56,-4.09 2.06,-3.90 2.50,-3.60 2.94,-3.30 3.29,-2.90 3.64,-2.50 3.89,-2.02 4.13,-1.55 4.26,-1.03 4.39,-0.52 4.38,0.01 4.38,0.54 4.25,1.06 4.13,1.57 3.88,2.04 3.63,2.52 3.27,2.91 2.92,3.31 2.48,3.61 2.04,3.92 1.54,4.10 1.04,4.29 1.04,4.29 L 1.04,4.29 Z"/></g><g stroke-linecap="round"><g transform="translate(10.73866363912822 312.476318359375) rotate(0 52.9407958984375 -54.56085205078125)"><path d="M-0.74 0.77 C16.97 -17.74, 88.56 -91.58, 106.3 -110.06 M1.07 0.12 C18.66 -18.34, 88.28 -90.77, 105.57 -109.01" stroke="#1e1e1e" stroke-width="4" fill="none"/></g></g><mask/><g stroke-linecap="round"><g transform="translate(191.84132477194072 129.53530883789062) rotate(0 57.92425537109375 -58.355560302734375)"><path d="M-0.44 -0.6 C18.7 -20.34, 95.82 -98.19, 115.32 -117.4 M1.53 1.7 C20.42 -17.38, 94.99 -96.32, 114.1 -116.22" stroke="#1e1e1e" stroke-width="4" fill="none"/></g></g><mask/><g transform="translate(310.4215249672532 10) rotate(0 0.00005000000000165983 0.00005000000000165983)" stroke="none"><path fill="#1e1e1e" d="M 6.28,-6.28 Q 6.28,-6.28 7.11,-5.11 7.95,-3.94 8.37,-2.57 8.80,-1.19 8.76,0.23 8.72,1.67 8.22,3.02 7.73,4.37 6.83,5.49 5.93,6.61 4.72,7.38 3.50,8.15 2.11,8.50 0.72,8.85 -0.71,8.73 -2.14,8.61 -3.46,8.05 -4.78,7.48 -5.85,6.52 -6.92,5.56 -7.63,4.31 -8.33,3.06 -8.60,1.65 -8.87,0.23 -8.68,-1.18 -8.49,-2.60 -7.85,-3.89 -7.21,-5.18 -6.19,-6.19 -5.18,-7.21 -3.89,-7.85 -2.60,-8.49 -1.18,-8.68 0.24,-8.87 1.65,-8.60 3.06,-8.33 4.31,-7.62 5.56,-6.92 6.52,-5.85 7.48,-4.78 8.05,-3.46 8.62,-2.14 8.73,-0.70 8.85,0.72 8.50,2.11 8.15,3.51 7.38,4.72 6.61,5.93 5.48,6.83 4.36,7.73 3.02,8.22 1.67,8.72 0.23,8.76 -1.20,8.80 -2.57,8.37 -3.94,7.95 -5.11,7.11 -6.28,6.27 -6.28,6.27 -6.28,6.28 -6.94,5.43 -7.60,4.59 -8.04,3.61 -8.48,2.64 -8.67,1.58 -8.86,0.53 -8.80,-0.53 -8.73,-1.60 -8.41,-2.62 -8.09,-3.64 -7.54,-4.56 -6.99,-5.47 -6.23,-6.23 -5.47,-6.99 -4.56,-7.54 -3.64,-8.10 -2.62,-8.41 -1.60,-8.73 -0.53,-8.80 0.53,-8.86 1.59,-8.67 2.64,-8.48 3.61,-8.04 4.59,-7.60 5.43,-6.94 6.28,-6.28 6.28,-6.28 L 6.28,-6.28 Z"/></g><g transform="translate(10.26112457662822 314.5867919921875) rotate(0 0.00005000000000165983 0.00005000000000165983)" stroke="none"><path fill="#1e1e1e" d="M 6.28,-6.28 Q 6.28,-6.28 7.11,-5.11 7.95,-3.94 8.37,-2.57 8.80,-1.19 8.76,0.23 8.72,1.67 8.22,3.02 7.73,4.37 6.83,5.49 5.93,6.61 4.72,7.38 3.50,8.15 2.11,8.50 0.72,8.85 -0.71,8.73 -2.14,8.61 -3.46,8.05 -4.78,7.48 -5.85,6.52 -6.92,5.56 -7.63,4.31 -8.33,3.06 -8.60,1.65 -8.87,0.23 -8.68,-1.18 -8.49,-2.60 -7.85,-3.89 -7.21,-5.18 -6.19,-6.19 -5.18,-7.21 -3.89,-7.85 -2.60,-8.49 -1.18,-8.68 0.24,-8.87 1.65,-8.60 3.06,-8.33 4.31,-7.62 5.56,-6.92 6.52,-5.85 7.48,-4.78 8.05,-3.46 8.62,-2.14 8.73,-0.70 8.85,0.72 8.50,2.11 8.15,3.51 7.38,4.72 6.61,5.93 5.48,6.83 4.36,7.73 3.02,8.22 1.67,8.72 0.23,8.76 -1.20,8.80 -2.57,8.37 -3.94,7.95 -5.11,7.11 -6.28,6.27 -6.28,6.27 -6.28,6.28 -6.94,5.43 -7.60,4.59 -8.04,3.61 -8.48,2.64 -8.67,1.58 -8.86,0.53 -8.80,-0.53 -8.73,-1.60 -8.41,-2.62 -8.09,-3.64 -7.54,-4.56 -6.99,-5.47 -6.23,-6.23 -5.47,-6.99 -4.56,-7.54 -3.64,-8.10 -2.62,-8.41 -1.60,-8.73 -0.53,-8.80 0.53,-8.86 1.59,-8.67 2.64,-8.48 3.61,-8.04 4.59,-7.60 5.43,-6.94 6.28,-6.28 6.28,-6.28 L 6.28,-6.28 Z"/></g></svg>