<svg version="1.1" xmlns="http://www.w3.org/2000/svg" viewBox="0 0 540.22509765625 383.1742858886719" class="excalidraw-svg">
  <!-- svg-source:excalidraw -->
  
  <defs>
    <style class="style-fonts">
      @font-face {
        font-family: "Virgil";
        src: url("https://excalidraw.com/Virgil.woff2");
      }
      @font-face {
        font-family: "Cascadia";
        src: url("https://excalidraw.com/Cascadia.woff2");
      }
      @font-face {
        font-family: "Assistant";
        src: url("https://excalidraw.com/Assistant-Regular.woff2");
      }
    </style>
    
  </defs>
  <rect x="0" y="0" width="540.22509765625" height="383.1742858886719" fill="#ffffff"/><g transform="translate(28.80657958984375 345.0735778808594) rotate(0 24.14471435546875 -58.84381103515625)" stroke="none"><path fill="#1e1e1e" d="M -1.77,-0.88 Q -1.77,-0.88 -0.41,-3.41 0.94,-5.93 3.91,-11.18 6.88,-16.44 10.29,-22.60 13.70,-28.77 15.59,-32.33 17.47,-35.89 18.71,-38.26 19.95,-40.62 20.61,-42.18 21.27,-43.73 21.83,-45.08 22.39,-46.42 23.07,-48.73 23.75,-51.04 24.43,-52.97 25.11,-54.90 26.27,-57.18 27.43,-59.45 28.22,-61.09 29.01,-62.74 30.90,-67.09 32.79,-71.45 34.47,-75.85 36.15,-80.24 37.42,-83.91 38.69,-87.58 39.45,-89.87 40.22,-92.16 40.97,-94.60 41.72,-97.04 42.59,-99.89 43.45,-102.75 44.00,-104.62 44.55,-106.50 44.96,-108.23 45.36,-109.96 45.56,-111.07 45.76,-112.18 45.98,-114.79 46.21,-117.40 46.28,-117.72 46.36,-118.04 46.53,-118.33 46.71,-118.61 46.96,-118.82 47.22,-119.04 47.53,-119.16 47.84,-119.28 48.17,-119.29 48.50,-119.31 48.82,-119.21 49.14,-119.12 49.41,-118.93 49.68,-118.74 49.88,-118.48 50.08,-118.21 50.18,-117.90 50.29,-117.58 50.28,-117.25 50.28,-116.92 50.17,-116.60 50.06,-116.29 49.86,-116.03 49.66,-115.76 49.38,-115.58 49.10,-115.39 48.78,-115.31 48.46,-115.22 48.13,-115.24 47.80,-115.27 47.49,-115.39 47.18,-115.52 46.93,-115.73 46.68,-115.95 46.51,-116.24 46.34,-116.52 46.27,-116.85 46.21,-117.17 46.25,-117.50 46.28,-117.83 46.43,-118.13 46.57,-118.43 46.80,-118.67 47.03,-118.91 47.33,-119.07 47.62,-119.22 47.95,-119.27 48.28,-119.32 48.60,-119.26 48.93,-119.21 49.22,-119.05 49.52,-118.89 49.74,-118.65 49.97,-118.40 50.11,-118.10 50.24,-117.80 50.27,-117.47 50.31,-117.14 50.31,-117.14 50.31,-117.14 50.08,-115.29 49.86,-113.45 49.53,-112.33 49.19,-111.21 48.79,-110.19 48.39,-109.17 47.88,-107.40 47.37,-105.63 46.77,-103.79 46.17,-101.95 45.34,-99.08 44.52,-96.21 43.81,-93.73 43.10,-91.25 42.39,-88.92 41.69,-86.58 40.51,-82.83 39.32,-79.08 37.74,-74.58 36.16,-70.07 34.41,-65.55 32.65,-61.04 31.91,-59.41 31.17,-57.78 30.24,-55.37 29.31,-52.96 28.45,-51.33 27.60,-49.70 27.07,-48.31 26.53,-46.92 26.04,-45.90 25.55,-44.89 24.84,-43.63 24.14,-42.38 23.34,-40.84 22.53,-39.30 21.34,-36.90 20.14,-34.51 18.31,-30.88 16.47,-27.26 13.14,-21.04 9.82,-14.83 7.00,-9.57 4.17,-4.31 2.97,-1.71 1.77,0.88 1.64,1.08 1.51,1.28 1.33,1.45 1.16,1.61 0.95,1.73 0.74,1.84 0.51,1.90 0.27,1.97 0.03,1.97 -0.20,1.97 -0.43,1.92 -0.66,1.87 -0.88,1.76 -1.09,1.65 -1.28,1.50 -1.46,1.34 -1.60,1.15 -1.74,0.95 -1.83,0.73 -1.92,0.51 -1.95,0.27 -1.98,0.03 -1.96,-0.19 -1.94,-0.43 -1.86,-0.66 -1.77,-0.89 -1.77,-0.88 L -1.77,-0.88 Z"/></g><g transform="translate(78.97021484375 228.42578125) rotate(0 14.80352783203125 -48.441375732421875)" stroke="none"><path fill="#1e1e1e" d="M -0.35,1.75 Q -0.35,1.75 -3.22,1.11 -6.10,0.47 -10.08,-0.91 -14.07,-2.30 -18.39,-3.86 -22.72,-5.41 -25.19,-6.30 -27.66,-7.18 -29.96,-7.87 -32.26,-8.56 -33.84,-9.00 -35.41,-9.43 -36.58,-9.64 -37.74,-9.86 -39.59,-11.13 -41.44,-12.40 -43.05,-15.77 -44.66,-19.13 -45.59,-23.70 -46.52,-28.28 -46.79,-34.11 -47.05,-39.94 -47.05,-44.33 -47.04,-48.72 -47.02,-51.10 -47.01,-53.49 -47.04,-55.46 -47.06,-57.44 -47.18,-58.60 -47.30,-59.75 -49.54,-59.08 -51.78,-58.41 -54.21,-58.13 -56.63,-57.84 -59.03,-58.37 -61.44,-58.91 -63.82,-61.84 -66.19,-64.77 -67.46,-69.15 -68.72,-73.53 -69.21,-76.77 -69.70,-80.00 -69.47,-85.22 -69.24,-90.44 -68.70,-94.89 -68.15,-99.35 -67.81,-101.86 -67.47,-104.38 -67.28,-106.21 -67.09,-108.04 -66.68,-109.95 -66.27,-111.87 -65.86,-113.20 -65.46,-114.53 -61.11,-117.23 -56.76,-119.93 -48.11,-122.27 -39.46,-124.61 -32.79,-125.57 -26.11,-126.54 -22.43,-126.93 -18.75,-127.33 -14.73,-127.70 -10.71,-128.08 -8.01,-128.23 -5.32,-128.39 -3.86,-128.56 -2.41,-128.74 -1.24,-128.87 -0.07,-129.01 1.05,-129.11 2.18,-129.21 5.08,-129.50 7.98,-129.79 9.85,-129.93 11.72,-130.07 14.79,-130.05 17.86,-130.03 20.26,-129.89 22.65,-129.75 25.67,-129.23 28.69,-128.71 31.91,-127.37 35.13,-126.03 37.29,-124.65 39.44,-123.28 42.62,-119.03 45.80,-114.77 47.72,-111.95 49.65,-109.12 51.75,-105.76 53.86,-102.41 56.35,-98.54 58.83,-94.67 60.43,-92.16 62.02,-89.66 64.28,-86.48 66.54,-83.31 69.31,-79.61 72.09,-75.91 73.89,-73.71 75.70,-71.51 77.41,-69.63 79.13,-67.75 80.71,-66.10 82.29,-64.44 83.17,-63.72 84.05,-62.99 84.98,-62.19 85.91,-61.39 86.90,-60.39 87.90,-59.39 90.32,-55.72 92.74,-52.04 94.04,-49.96 95.35,-47.88 96.58,-45.07 97.82,-42.25 98.51,-40.66 99.20,-39.08 99.47,-36.60 99.74,-34.12 99.89,-32.29 100.04,-30.47 95.68,-22.64 91.32,-14.81 88.72,-10.87 86.12,-6.93 83.11,-3.78 80.10,-0.63 76.56,1.41 73.03,3.46 70.22,4.63 67.41,5.80 63.19,6.33 58.97,6.85 54.53,7.06 50.10,7.26 46.61,7.34 43.13,7.43 40.47,7.88 37.80,8.33 36.22,8.88 34.64,9.43 32.00,11.75 29.37,14.06 25.96,17.82 22.55,21.57 19.89,24.48 17.24,27.38 15.74,28.71 14.24,30.04 12.90,30.94 11.57,31.84 9.92,32.08 8.27,32.32 5.95,30.55 3.63,28.77 2.07,26.29 0.51,23.80 -0.55,21.21 -1.61,18.62 -2.25,17.14 -2.88,15.66 -3.22,14.03 -3.57,12.40 -3.86,9.97 -4.16,7.55 -4.22,6.20 -4.29,4.86 -4.33,3.43 -4.36,2.00 -4.41,0.77 -4.45,-0.46 -4.29,-2.40 -4.12,-4.34 -3.90,-5.95 -3.68,-7.57 -3.55,-7.97 -3.41,-8.37 -3.15,-8.71 -2.89,-9.04 -2.54,-9.28 -2.19,-9.52 -1.78,-9.63 -1.37,-9.74 -0.95,-9.72 -0.53,-9.69 -0.13,-9.53 0.25,-9.38 0.57,-9.10 0.90,-8.82 1.11,-8.46 1.33,-8.10 1.42,-7.68 1.51,-7.27 1.46,-6.85 1.42,-6.42 1.24,-6.04 1.06,-5.66 0.76,-5.35 0.47,-5.04 0.10,-4.84 -0.27,-4.65 -0.69,-4.58 -1.11,-4.51 -1.52,-4.58 -1.94,-4.65 -2.32,-4.85 -2.69,-5.05 -2.98,-5.36 -3.27,-5.67 -3.45,-6.06 -3.63,-6.44 -3.67,-6.86 -3.71,-7.29 -3.62,-7.70 -3.53,-8.11 -3.31,-8.48 -3.09,-8.84 -2.77,-9.11 -2.44,-9.39 -2.05,-9.54 -1.65,-9.70 -1.23,-9.72 -0.80,-9.74 -0.40,-9.62 0.00,-9.51 0.35,-9.27 0.70,-9.03 0.96,-8.69 1.21,-8.35 1.35,-7.95 1.48,-7.55 1.48,-7.12 1.48,-6.70 1.48,-6.70 1.48,-6.70 1.19,-5.10 0.90,-3.49 0.56,-1.98 0.22,-0.47 0.18,0.75 0.14,1.97 0.12,3.39 0.10,4.80 0.07,6.11 0.04,7.42 0.02,9.63 0.01,11.83 0.13,13.17 0.25,14.50 0.72,15.97 1.18,17.43 2.19,19.76 3.21,22.09 4.53,24.14 5.84,26.19 7.94,27.57 10.04,28.96 11.20,28.39 12.37,27.82 13.79,26.68 15.21,25.53 17.85,22.62 20.48,19.70 23.99,15.80 27.51,11.90 30.60,9.29 33.69,6.67 35.53,6.19 37.36,5.70 40.21,5.22 43.06,4.75 46.51,4.65 49.97,4.56 54.31,4.35 58.65,4.14 62.51,3.69 66.37,3.24 68.99,2.12 71.62,1.01 74.82,-0.82 78.02,-2.65 80.81,-5.61 83.60,-8.57 86.09,-12.47 88.58,-16.36 92.67,-23.46 96.77,-30.56 96.70,-32.16 96.62,-33.75 96.36,-35.81 96.10,-37.87 95.54,-39.42 94.99,-40.97 93.80,-43.52 92.60,-46.07 91.22,-48.06 89.83,-50.05 87.42,-53.44 85.01,-56.83 84.19,-57.86 83.38,-58.89 82.58,-59.85 81.78,-60.81 81.08,-61.71 80.39,-62.62 78.78,-64.30 77.18,-65.97 75.42,-67.90 73.66,-69.83 71.81,-72.07 69.96,-74.31 67.17,-78.04 64.37,-81.76 62.07,-84.99 59.76,-88.22 58.17,-90.71 56.57,-93.21 54.06,-97.08 51.56,-100.96 49.47,-104.26 47.37,-107.56 45.46,-110.33 43.54,-113.11 40.70,-117.00 37.86,-120.90 35.93,-122.10 33.99,-123.30 31.09,-124.48 28.19,-125.67 25.36,-126.08 22.54,-126.49 20.23,-126.51 17.93,-126.54 14.97,-126.40 12.01,-126.26 10.27,-126.13 8.53,-125.99 5.38,-125.62 2.22,-125.26 1.12,-125.33 0.01,-125.41 -1.11,-125.49 -2.25,-125.56 -3.70,-125.60 -5.15,-125.63 -7.79,-125.46 -10.43,-125.28 -14.43,-124.87 -18.43,-124.47 -22.05,-124.03 -25.68,-123.59 -32.16,-122.60 -38.65,-121.61 -46.88,-119.35 -55.11,-117.09 -59.18,-114.13 -63.25,-111.17 -63.69,-109.40 -64.14,-107.64 -64.43,-105.83 -64.73,-104.03 -65.05,-101.52 -65.36,-99.02 -65.86,-94.67 -66.35,-90.32 -66.55,-85.39 -66.75,-80.46 -66.24,-77.42 -65.72,-74.39 -64.63,-70.55 -63.54,-66.70 -61.88,-64.38 -60.22,-62.06 -58.66,-61.80 -57.10,-61.53 -55.23,-61.89 -53.36,-62.24 -51.49,-63.10 -49.61,-63.95 -48.12,-64.08 -46.62,-64.20 -45.47,-63.29 -44.32,-62.37 -44.13,-61.07 -43.93,-59.76 -44.04,-58.60 -44.16,-57.44 -44.18,-55.47 -44.20,-53.49 -44.18,-51.11 -44.15,-48.73 -44.12,-44.41 -44.08,-40.09 -43.78,-34.50 -43.48,-28.91 -42.57,-24.70 -41.66,-20.50 -40.46,-17.81 -39.25,-15.11 -37.99,-14.19 -36.73,-13.28 -35.58,-12.85 -34.42,-12.43 -32.94,-11.85 -31.47,-11.27 -29.09,-10.59 -26.71,-9.92 -24.22,-9.08 -21.73,-8.24 -17.40,-6.76 -13.06,-5.27 -9.25,-4.03 -5.44,-2.78 -2.54,-2.27 0.35,-1.75 0.55,-1.69 0.76,-1.62 0.94,-1.50 1.12,-1.39 1.28,-1.23 1.43,-1.08 1.53,-0.89 1.64,-0.70 1.70,-0.50 1.76,-0.29 1.77,-0.07 1.78,0.13 1.74,0.35 1.70,0.56 1.61,0.75 1.51,0.95 1.38,1.12 1.24,1.28 1.07,1.42 0.90,1.55 0.70,1.63 0.50,1.72 0.29,1.75 0.07,1.79 -0.13,1.77 -0.35,1.75 -0.35,1.75 L -0.35,1.75 Z"/></g><g transform="translate(118.11956787109375 104.9742431640625) rotate(0 14.018280029296875 -47.48712158203125)" stroke="none"><path fill="#1e1e1e" d="M -1.55,-0.20 Q -1.55,-0.20 -1.19,-2.57 -0.84,-4.94 -0.35,-7.27 0.13,-9.61 1.11,-12.88 2.08,-16.16 2.71,-18.17 3.33,-20.19 4.46,-23.62 5.59,-27.05 6.93,-31.06 8.27,-35.08 9.16,-37.75 10.05,-40.42 10.63,-42.59 11.22,-44.75 12.34,-47.98 13.46,-51.20 14.80,-54.71 16.13,-58.22 17.12,-60.97 18.11,-63.73 18.73,-65.83 19.36,-67.93 19.49,-69.05 19.63,-70.17 20.42,-72.90 21.21,-75.63 21.83,-77.73 22.46,-79.83 22.94,-81.78 23.41,-83.73 23.50,-85.04 23.60,-86.35 23.71,-87.67 23.82,-88.99 23.94,-90.40 24.05,-91.80 24.70,-90.55 25.35,-89.30 24.73,-89.96 24.12,-90.63 24.01,-91.13 23.90,-91.63 23.96,-92.15 24.02,-92.66 24.24,-93.13 24.46,-93.59 24.82,-93.96 25.18,-94.33 25.64,-94.57 26.09,-94.81 26.60,-94.89 27.11,-94.97 27.62,-94.88 28.13,-94.79 28.58,-94.55 29.04,-94.30 29.39,-93.93 29.74,-93.55 29.95,-93.08 30.16,-92.61 30.22,-92.10 30.27,-91.58 30.15,-91.08 30.04,-90.58 29.77,-90.14 29.50,-89.70 29.10,-89.37 28.71,-89.04 28.23,-88.85 27.74,-88.66 27.23,-88.64 26.71,-88.62 26.22,-88.76 25.72,-88.90 25.30,-89.19 24.87,-89.49 24.57,-89.90 24.26,-90.31 24.10,-90.80 23.94,-91.29 23.94,-91.81 23.94,-92.32 24.11,-92.81 24.28,-93.30 24.60,-93.71 24.91,-94.11 25.34,-94.40 25.77,-94.69 26.27,-94.82 26.77,-94.95 27.28,-94.92 27.80,-94.89 28.27,-94.69 28.75,-94.50 29.14,-94.16 29.53,-93.82 29.79,-93.38 30.06,-92.94 30.06,-92.94 30.06,-92.94 29.22,-89.33 28.38,-85.73 27.48,-85.16 26.58,-84.58 25.25,-84.30 23.91,-84.03 22.75,-84.38 21.59,-84.72 20.77,-85.54 19.96,-86.35 19.67,-87.52 19.39,-88.69 19.64,-90.16 19.89,-91.63 20.33,-93.00 20.77,-94.37 21.74,-95.42 22.71,-96.47 24.13,-96.82 25.54,-97.18 26.77,-96.53 28.01,-95.88 28.44,-94.70 28.88,-93.52 28.67,-92.33 28.45,-91.15 28.05,-89.79 27.64,-88.43 27.37,-87.14 27.11,-85.85 26.81,-84.43 26.51,-83.01 26.06,-80.99 25.61,-78.98 25.07,-76.74 24.52,-74.50 23.61,-71.97 22.69,-69.43 22.29,-68.31 21.89,-67.18 21.24,-65.01 20.60,-62.83 19.60,-60.06 18.61,-57.28 17.29,-53.80 15.98,-50.33 14.89,-47.20 13.80,-44.06 13.20,-41.82 12.60,-39.58 11.72,-36.90 10.84,-34.23 9.52,-30.21 8.20,-26.19 7.10,-22.78 6.00,-19.37 5.39,-17.37 4.79,-15.37 3.88,-12.20 2.97,-9.04 2.54,-6.79 2.12,-4.54 1.83,-2.16 1.55,0.20 1.50,0.39 1.45,0.57 1.36,0.74 1.27,0.90 1.14,1.04 1.02,1.18 0.86,1.29 0.70,1.39 0.53,1.46 0.35,1.52 0.16,1.54 -0.02,1.56 -0.20,1.53 -0.39,1.51 -0.57,1.44 -0.74,1.37 -0.90,1.26 -1.05,1.15 -1.17,1.01 -1.30,0.87 -1.38,0.70 -1.47,0.53 -1.51,0.35 -1.55,0.16 -1.55,-0.02 -1.55,-0.21 -1.55,-0.20 L -1.55,-0.20 Z"/></g><g transform="translate(194.32574462890625 177.31640625) rotate(0 34.373870849609375 0.4749755859375)" stroke="none"><path fill="#1e1e1e" d="M 0.10,-1.67 Q 0.10,-1.67 2.68,-1.45 5.25,-1.24 8.88,-1.13 12.51,-1.03 16.83,-0.97 21.16,-0.92 25.03,-0.88 28.90,-0.85 33.32,-0.83 37.75,-0.81 40.51,-0.69 43.27,-0.57 45.92,-0.52 48.56,-0.47 50.22,-0.53 51.88,-0.59 53.87,-0.59 55.85,-0.59 57.77,-0.60 59.68,-0.62 60.81,-0.72 61.95,-0.83 63.07,-0.92 64.19,-1.01 66.22,-1.06 68.25,-1.11 68.58,-1.06 68.91,-1.00 69.20,-0.85 69.50,-0.69 69.73,-0.45 69.96,-0.20 70.10,0.09 70.24,0.39 70.27,0.72 70.31,1.06 70.24,1.38 70.17,1.71 69.99,2.00 69.82,2.28 69.57,2.50 69.31,2.71 69.00,2.84 68.69,2.96 68.36,2.98 68.02,3.00 67.70,2.91 67.38,2.82 67.10,2.63 66.83,2.44 66.63,2.18 66.42,1.91 66.32,1.59 66.21,1.28 66.21,0.94 66.21,0.61 66.32,0.29 66.42,-0.01 66.63,-0.28 66.83,-0.54 67.10,-0.73 67.38,-0.92 67.70,-1.01 68.03,-1.10 68.36,-1.08 68.69,-1.06 69.00,-0.94 69.31,-0.81 69.57,-0.60 69.82,-0.38 69.99,-0.09 70.17,0.18 70.24,0.51 70.31,0.83 70.27,1.17 70.24,1.50 70.10,1.80 69.96,2.10 69.73,2.35 69.50,2.59 69.20,2.75 68.91,2.90 68.58,2.96 68.25,3.01 68.25,3.01 68.25,3.01 66.22,2.96 64.19,2.91 63.07,2.82 61.94,2.73 60.81,2.62 59.67,2.51 57.76,2.48 55.84,2.46 53.84,2.45 51.85,2.44 50.18,2.33 48.51,2.23 45.84,2.19 43.16,2.15 40.45,2.05 37.74,1.95 33.32,1.96 28.89,1.97 25.01,1.98 21.14,1.98 16.79,1.98 12.45,1.97 8.75,1.94 5.05,1.90 2.47,1.79 -0.10,1.67 -0.30,1.63 -0.50,1.60 -0.68,1.51 -0.87,1.43 -1.03,1.30 -1.19,1.18 -1.31,1.02 -1.43,0.86 -1.52,0.67 -1.60,0.49 -1.64,0.29 -1.67,0.09 -1.66,-0.10 -1.64,-0.30 -1.58,-0.50 -1.52,-0.69 -1.42,-0.86 -1.31,-1.04 -1.17,-1.18 -1.02,-1.32 -0.85,-1.42 -0.68,-1.53 -0.48,-1.59 -0.29,-1.65 -0.09,-1.66 0.10,-1.67 0.10,-1.67 L 0.10,-1.67 Z"/></g><g transform="translate(253.38134765625 166.88827514648438) rotate(0 8.930450439453125 14.39697265625)" stroke="none"><path fill="#1e1e1e" d="M 1.53,-1.82 Q 1.53,-1.82 4.12,0.54 6.72,2.90 8.35,4.49 9.97,6.08 11.34,7.39 12.70,8.69 13.56,9.39 14.41,10.10 15.70,11.28 17.00,12.46 18.05,13.60 19.10,14.74 19.63,16.33 20.16,17.91 20.02,20.11 19.89,22.30 19.04,23.54 18.19,24.78 15.97,26.36 13.76,27.94 12.43,28.53 11.11,29.11 9.51,29.73 7.91,30.35 6.88,30.70 5.85,31.06 3.76,31.38 1.68,31.71 1.20,31.68 0.72,31.64 0.28,31.45 -0.16,31.27 -0.52,30.95 -0.88,30.63 -1.12,30.21 -1.36,29.79 -1.45,29.32 -1.54,28.85 -1.48,28.37 -1.42,27.90 -1.21,27.46 -1.00,27.03 -0.66,26.69 -0.32,26.35 0.10,26.13 0.52,25.91 1.00,25.85 1.48,25.78 1.95,25.86 2.42,25.95 2.84,26.19 3.26,26.42 3.59,26.78 3.91,27.13 4.10,27.57 4.30,28.01 4.34,28.49 4.38,28.97 4.27,29.44 4.16,29.91 3.90,30.31 3.64,30.72 3.27,31.02 2.90,31.33 2.45,31.50 2.00,31.67 1.52,31.68 1.04,31.70 0.57,31.56 0.11,31.42 -0.27,31.14 -0.66,30.87 -0.94,30.48 -1.23,30.09 -1.37,29.63 -1.52,29.17 -1.51,28.69 -1.50,28.21 -1.33,27.76 -1.17,27.30 -0.87,26.93 -0.57,26.55 -0.17,26.29 0.22,26.03 0.69,25.91 1.16,25.79 1.16,25.79 1.16,25.79 2.57,25.65 3.98,25.50 5.00,25.17 6.01,24.83 7.41,24.39 8.82,23.95 9.86,23.48 10.91,23.00 11.88,22.44 12.85,21.87 13.94,20.84 15.02,19.82 14.95,18.70 14.88,17.58 14.15,16.50 13.42,15.42 12.51,14.23 11.59,13.03 10.87,12.22 10.14,11.41 8.80,10.16 7.46,8.91 5.73,7.51 4.01,6.12 1.24,3.97 -1.53,1.82 -1.72,1.61 -1.92,1.40 -2.06,1.15 -2.20,0.90 -2.27,0.62 -2.35,0.34 -2.36,0.06 -2.36,-0.22 -2.30,-0.50 -2.24,-0.78 -2.11,-1.04 -1.99,-1.30 -1.80,-1.52 -1.62,-1.74 -1.39,-1.90 -1.15,-2.07 -0.89,-2.18 -0.62,-2.29 -0.34,-2.33 -0.06,-2.37 0.22,-2.35 0.51,-2.32 0.78,-2.22 1.05,-2.13 1.29,-1.97 1.53,-1.82 1.53,-1.82 L 1.53,-1.82 Z"/></g><g transform="translate(319.826904296875 373.1742858886719) rotate(0 66.33221435546875 -124.0484619140625)" stroke="none"><path fill="#1e1e1e" d="M -2.45,-0.39 Q -2.45,-0.39 -2.24,-1.73 -2.04,-3.07 -1.56,-4.81 -1.08,-6.54 -0.69,-7.93 -0.30,-9.31 0.05,-10.63 0.42,-11.94 0.78,-13.10 1.14,-14.25 1.63,-15.45 2.12,-16.66 2.62,-18.30 3.12,-19.94 3.64,-21.18 4.16,-22.42 4.84,-23.92 5.52,-25.43 5.85,-26.46 6.18,-27.49 7.13,-29.30 8.08,-31.12 9.06,-33.15 10.05,-35.18 10.48,-36.41 10.90,-37.64 11.99,-39.67 13.08,-41.71 14.10,-43.70 15.11,-45.69 15.67,-47.01 16.23,-48.34 17.04,-50.05 17.86,-51.75 18.49,-53.31 19.11,-54.87 20.14,-57.30 21.17,-59.72 21.87,-61.10 22.57,-62.48 23.38,-64.32 24.18,-66.16 24.73,-67.13 25.27,-68.10 26.00,-69.47 26.72,-70.84 27.28,-71.95 27.85,-73.05 28.85,-74.62 29.84,-76.18 30.85,-77.97 31.85,-79.76 32.43,-81.03 33.01,-82.31 34.00,-84.09 34.99,-85.87 35.97,-87.94 36.96,-90.01 37.68,-91.76 38.40,-93.51 38.86,-94.90 39.31,-96.29 39.67,-97.52 40.03,-98.75 40.38,-99.78 40.73,-100.80 41.20,-102.11 41.67,-103.42 42.40,-104.95 43.14,-106.49 43.95,-108.13 44.77,-109.76 45.42,-108.32 46.08,-106.87 44.97,-106.53 43.85,-106.19 42.68,-106.14 41.50,-106.09 39.70,-106.09 37.89,-106.08 35.13,-106.50 32.37,-106.92 30.79,-107.47 29.21,-108.02 27.56,-108.76 25.90,-109.49 24.48,-110.11 23.06,-110.74 21.94,-111.18 20.83,-111.63 19.80,-111.97 18.77,-112.31 17.76,-112.97 16.76,-113.63 16.08,-114.68 15.41,-115.74 15.42,-117.24 15.42,-118.74 16.15,-119.79 16.87,-120.83 18.03,-121.41 19.19,-122.00 21.96,-122.00 24.72,-122.00 26.83,-121.29 28.93,-120.58 31.80,-119.55 34.67,-118.52 37.17,-117.83 39.67,-117.15 42.06,-116.49 44.44,-115.82 45.73,-115.53 47.02,-115.25 49.21,-114.80 51.41,-114.34 52.86,-113.89 54.32,-113.43 56.19,-112.88 58.05,-112.33 59.18,-112.01 60.31,-111.69 61.39,-111.34 62.47,-110.99 63.55,-110.66 64.62,-110.34 66.70,-109.49 68.77,-108.63 70.38,-107.68 72.00,-106.74 72.24,-107.81 72.48,-108.88 73.09,-110.13 73.70,-111.37 74.72,-112.96 75.73,-114.54 76.62,-115.81 77.50,-117.08 79.31,-119.23 81.11,-121.39 83.29,-124.35 85.46,-127.31 87.16,-129.90 88.85,-132.50 90.58,-135.21 92.30,-137.91 93.90,-140.63 95.50,-143.35 96.82,-145.97 98.14,-148.58 99.82,-151.46 101.49,-154.33 103.17,-157.14 104.85,-159.95 105.86,-161.69 106.87,-163.42 108.50,-166.18 110.13,-168.93 111.98,-172.62 113.83,-176.32 115.06,-178.76 116.28,-181.20 117.54,-184.02 118.80,-186.85 119.66,-189.00 120.51,-191.14 121.01,-192.80 121.51,-194.46 121.88,-195.92 122.25,-197.38 122.44,-198.55 122.64,-199.73 122.91,-200.84 123.18,-201.96 123.75,-203.51 124.32,-205.07 124.72,-206.35 125.12,-207.63 126.37,-211.20 127.62,-214.78 128.26,-216.64 128.90,-218.50 129.32,-220.68 129.73,-222.87 129.93,-224.50 130.13,-226.13 129.99,-227.38 129.85,-228.64 127.66,-228.56 125.47,-228.49 123.53,-229.02 121.58,-229.55 119.58,-230.07 117.57,-230.59 115.35,-231.31 113.13,-232.03 111.65,-232.60 110.16,-233.17 108.72,-233.57 107.29,-233.97 106.21,-234.20 105.13,-234.43 103.68,-234.87 102.23,-235.31 101.05,-235.67 99.87,-236.04 98.31,-236.44 96.75,-236.83 95.14,-237.13 93.54,-237.43 92.46,-237.67 91.38,-237.91 89.62,-238.77 87.86,-239.63 86.57,-240.29 85.28,-240.95 83.76,-241.48 82.25,-242.02 80.53,-242.90 78.82,-243.78 77.94,-244.43 77.05,-245.09 76.27,-242.64 75.49,-240.20 75.11,-239.02 74.73,-237.85 73.61,-235.80 72.49,-233.74 72.04,-232.59 71.59,-231.44 70.52,-229.10 69.44,-226.75 68.29,-224.25 67.14,-221.75 66.34,-219.94 65.53,-218.13 63.95,-215.09 62.36,-212.05 60.29,-208.10 58.21,-204.16 56.79,-201.43 55.36,-198.70 54.09,-196.45 52.82,-194.20 51.56,-191.49 50.29,-188.78 49.44,-186.95 48.58,-185.12 47.12,-182.40 45.65,-179.68 44.05,-177.01 42.45,-174.35 41.63,-172.78 40.81,-171.21 40.07,-169.69 39.33,-168.16 38.21,-166.15 37.08,-164.13 36.35,-162.68 35.62,-161.24 34.06,-158.63 32.51,-156.02 31.08,-153.64 29.66,-151.25 28.92,-149.79 28.18,-148.32 27.19,-146.70 26.20,-145.08 25.80,-144.09 25.39,-143.10 24.66,-141.69 23.93,-140.28 22.91,-138.47 21.88,-136.65 20.89,-134.82 19.90,-132.99 19.37,-131.58 18.83,-130.17 18.27,-128.33 17.70,-126.50 17.26,-125.13 16.82,-123.77 16.39,-121.99 15.97,-120.21 15.56,-118.10 15.16,-115.98 15.06,-115.58 14.95,-115.17 14.72,-114.82 14.49,-114.47 14.16,-114.21 13.83,-113.95 13.43,-113.81 13.04,-113.67 12.62,-113.66 12.20,-113.66 11.80,-113.79 11.40,-113.92 11.06,-114.16 10.72,-114.41 10.48,-114.76 10.24,-115.10 10.13,-115.50 10.01,-115.91 10.02,-116.32 10.04,-116.74 10.19,-117.14 10.34,-117.53 10.61,-117.85 10.87,-118.18 11.23,-118.40 11.59,-118.62 12.00,-118.71 12.40,-118.81 12.82,-118.77 13.24,-118.73 13.62,-118.56 14.01,-118.39 14.31,-118.11 14.62,-117.82 14.82,-117.45 15.03,-117.09 15.10,-116.67 15.17,-116.26 15.11,-115.85 15.05,-115.43 14.86,-115.06 14.67,-114.68 14.37,-114.39 14.07,-114.10 13.69,-113.92 13.31,-113.74 12.89,-113.68 12.48,-113.63 12.07,-113.72 11.66,-113.80 11.29,-114.01 10.93,-114.22 10.65,-114.54 10.38,-114.85 10.22,-115.24 10.06,-115.63 10.03,-116.05 10.00,-116.47 10.00,-116.47 10.00,-116.47 10.32,-118.32 10.64,-120.17 11.27,-121.65 11.90,-123.13 12.28,-124.16 12.66,-125.20 13.17,-126.60 13.69,-128.00 14.60,-129.80 15.51,-131.59 16.21,-133.05 16.90,-134.51 17.80,-136.40 18.70,-138.30 19.60,-140.23 20.50,-142.15 21.29,-143.51 22.08,-144.86 22.72,-145.85 23.36,-146.85 24.34,-148.38 25.31,-149.92 26.18,-151.34 27.05,-152.77 28.41,-155.18 29.76,-157.59 31.23,-160.24 32.69,-162.88 33.53,-164.23 34.37,-165.58 35.42,-167.63 36.47,-169.68 37.33,-171.19 38.20,-172.70 39.14,-174.23 40.08,-175.76 41.63,-178.38 43.17,-181.00 44.58,-183.67 45.98,-186.35 46.85,-188.15 47.72,-189.96 49.00,-192.78 50.28,-195.60 51.48,-197.83 52.68,-200.06 54.05,-202.83 55.41,-205.60 57.39,-209.57 59.37,-213.53 60.79,-216.53 62.21,-219.53 62.94,-221.36 63.67,-223.19 64.62,-225.74 65.57,-228.29 66.41,-230.79 67.25,-233.29 67.80,-234.47 68.34,-235.65 69.06,-237.59 69.77,-239.53 70.18,-240.69 70.59,-241.86 71.27,-244.30 71.95,-246.73 73.35,-248.43 74.75,-250.12 76.31,-250.54 77.87,-250.96 79.46,-250.24 81.05,-249.53 81.92,-248.75 82.78,-247.97 84.17,-247.26 85.56,-246.56 86.61,-246.11 87.66,-245.66 88.82,-245.08 89.98,-244.50 91.46,-243.95 92.95,-243.39 94.04,-243.00 95.13,-242.61 96.37,-242.23 97.62,-241.84 99.53,-241.14 101.44,-240.44 102.51,-240.01 103.58,-239.58 104.95,-239.12 106.31,-238.67 107.39,-238.30 108.47,-237.93 110.11,-237.41 111.74,-236.90 112.95,-236.32 114.16,-235.75 116.26,-235.28 118.37,-234.82 120.50,-234.56 122.63,-234.30 124.40,-234.02 126.16,-233.73 127.84,-233.56 129.53,-233.40 131.29,-232.92 133.05,-232.45 133.86,-231.51 134.67,-230.56 134.88,-228.72 135.10,-226.88 134.81,-225.37 134.52,-223.85 134.20,-222.79 133.89,-221.74 133.51,-220.60 133.13,-219.46 132.77,-218.41 132.42,-217.37 131.86,-215.49 131.30,-213.61 130.24,-209.90 129.18,-206.18 128.67,-204.90 128.17,-203.61 127.19,-201.22 126.22,-198.83 125.82,-197.61 125.41,-196.39 124.86,-194.94 124.31,-193.49 123.66,-191.82 123.01,-190.16 122.14,-187.95 121.28,-185.75 120.01,-182.86 118.73,-179.98 117.53,-177.53 116.32,-175.08 114.45,-171.29 112.58,-167.50 110.98,-164.72 109.39,-161.94 108.36,-160.22 107.33,-158.49 105.70,-155.68 104.07,-152.86 102.50,-150.04 100.93,-147.22 99.64,-144.48 98.36,-141.75 96.84,-138.92 95.32,-136.10 93.73,-133.30 92.15,-130.51 90.58,-127.71 89.02,-124.91 87.03,-121.71 85.05,-118.51 83.61,-116.23 82.18,-113.96 81.48,-112.84 80.77,-111.73 80.07,-110.23 79.37,-108.73 78.62,-106.95 77.88,-105.17 76.85,-103.76 75.82,-102.35 74.86,-101.75 73.90,-101.15 72.84,-101.02 71.78,-100.90 70.13,-101.55 68.47,-102.21 67.46,-102.93 66.44,-103.65 64.72,-104.47 62.99,-105.29 60.90,-106.05 58.81,-106.81 57.62,-107.21 56.42,-107.60 54.67,-108.33 52.92,-109.07 51.52,-109.53 50.12,-109.99 49.10,-110.35 48.08,-110.72 47.00,-111.05 45.93,-111.39 44.75,-111.80 43.58,-112.21 41.18,-112.67 38.79,-113.14 36.07,-113.61 33.35,-114.08 30.49,-114.75 27.63,-115.43 25.80,-115.72 23.97,-116.01 22.30,-116.79 20.62,-117.57 21.73,-117.05 22.84,-116.54 23.95,-116.07 25.07,-115.60 26.47,-115.05 27.87,-114.51 29.39,-114.01 30.91,-113.50 32.28,-113.14 33.65,-112.78 34.79,-112.56 35.94,-112.34 37.97,-112.35 39.99,-112.36 41.30,-112.33 42.60,-112.30 43.92,-112.25 45.23,-112.21 46.95,-111.74 48.66,-111.28 48.67,-108.43 48.67,-105.58 47.71,-103.90 46.76,-102.23 46.11,-101.23 45.46,-100.22 44.70,-98.80 43.93,-97.38 43.44,-96.16 42.94,-94.95 42.36,-93.55 41.79,-92.15 41.09,-90.35 40.39,-88.55 39.54,-86.30 38.70,-84.04 37.89,-82.20 37.09,-80.35 36.46,-79.12 35.83,-77.89 35.01,-75.79 34.19,-73.69 33.40,-72.14 32.61,-70.60 31.53,-68.66 30.44,-66.72 29.45,-65.36 28.46,-63.99 27.44,-62.24 26.42,-60.49 25.67,-59.08 24.93,-57.66 24.25,-56.52 23.58,-55.38 23.11,-54.40 22.64,-53.41 21.95,-51.80 21.26,-50.18 20.49,-48.44 19.71,-46.69 19.04,-45.44 18.38,-44.18 17.51,-42.10 16.65,-40.03 15.84,-38.03 15.02,-36.03 14.49,-34.80 13.96,-33.58 13.20,-31.35 12.43,-29.12 11.78,-27.44 11.13,-25.77 10.70,-24.63 10.28,-23.48 9.69,-21.89 9.11,-20.29 8.66,-19.26 8.20,-18.24 7.52,-16.42 6.84,-14.61 6.38,-13.61 5.91,-12.61 5.53,-11.60 5.14,-10.58 4.75,-9.27 4.36,-7.96 3.97,-6.66 3.58,-5.37 3.24,-3.83 2.89,-2.28 2.67,-0.94 2.45,0.39 2.37,0.67 2.28,0.96 2.14,1.22 1.99,1.48 1.78,1.70 1.57,1.92 1.32,2.08 1.07,2.24 0.78,2.33 0.50,2.43 0.20,2.45 -0.09,2.48 -0.38,2.43 -0.68,2.38 -0.96,2.27 -1.23,2.15 -1.47,1.97 -1.71,1.79 -1.90,1.56 -2.09,1.33 -2.22,1.06 -2.35,0.79 -2.41,0.50 -2.47,0.20 -2.46,-0.09 -2.45,-0.39 -2.45,-0.39 L -2.45,-0.39 Z"/></g><g transform="translate(427.980712890625 133.35739135742188) rotate(0 18.7359619140625 -46.132781982421875)" stroke="none"><path fill="#1e1e1e" d="M -1.66,-0.09 Q -1.66,-0.09 -1.57,-1.92 -1.48,-3.76 -1.09,-5.81 -0.69,-7.87 -0.21,-9.72 0.25,-11.58 0.76,-13.34 1.28,-15.10 1.98,-17.11 2.69,-19.12 3.89,-21.75 5.09,-24.38 6.66,-28.01 8.24,-31.65 9.88,-35.54 11.52,-39.43 12.64,-42.35 13.77,-45.27 14.27,-46.86 14.78,-48.45 15.01,-49.62 15.25,-50.78 16.22,-53.40 17.19,-56.01 18.34,-58.18 19.50,-60.36 20.65,-62.55 21.80,-64.74 23.08,-66.88 24.35,-69.01 25.14,-70.49 25.93,-71.96 26.67,-73.44 27.41,-74.92 28.00,-76.35 28.59,-77.78 29.21,-79.19 29.84,-80.59 30.98,-82.29 32.13,-83.98 32.71,-85.25 33.30,-86.51 33.75,-87.54 34.20,-88.58 34.58,-90.37 34.97,-92.15 35.07,-92.54 35.17,-92.93 35.40,-93.26 35.62,-93.60 35.94,-93.84 36.25,-94.09 36.63,-94.22 37.01,-94.35 37.41,-94.35 37.81,-94.35 38.19,-94.23 38.57,-94.10 38.90,-93.86 39.22,-93.62 39.44,-93.29 39.67,-92.96 39.78,-92.58 39.89,-92.19 39.87,-91.79 39.85,-91.39 39.71,-91.02 39.56,-90.65 39.31,-90.34 39.05,-90.03 38.71,-89.82 38.37,-89.61 37.98,-89.52 37.59,-89.43 37.19,-89.47 36.79,-89.51 36.42,-89.68 36.06,-89.84 35.76,-90.12 35.47,-90.39 35.28,-90.74 35.09,-91.10 35.02,-91.49 34.95,-91.89 35.02,-92.28 35.08,-92.68 35.26,-93.03 35.45,-93.39 35.74,-93.67 36.02,-93.95 36.39,-94.12 36.75,-94.29 37.15,-94.33 37.55,-94.38 37.94,-94.30 38.33,-94.21 38.68,-94.01 39.02,-93.81 39.28,-93.50 39.54,-93.20 39.70,-92.83 39.85,-92.46 39.87,-92.06 39.90,-91.66 39.90,-91.66 39.90,-91.66 39.22,-89.06 38.55,-86.47 38.03,-85.49 37.50,-84.52 36.80,-83.06 36.10,-81.61 35.23,-79.93 34.35,-78.25 33.51,-76.90 32.66,-75.54 31.75,-74.11 30.84,-72.67 29.83,-71.47 28.83,-70.26 27.94,-68.87 27.05,-67.47 25.90,-65.37 24.75,-63.28 23.72,-61.04 22.68,-58.81 21.70,-56.60 20.71,-54.39 19.67,-52.09 18.63,-49.78 18.16,-48.58 17.70,-47.37 17.04,-45.82 16.39,-44.27 15.28,-41.30 14.17,-38.33 12.56,-34.41 10.96,-30.49 9.44,-26.81 7.91,-23.14 6.85,-20.63 5.79,-18.12 5.20,-16.11 4.60,-14.09 4.07,-12.40 3.53,-10.71 3.06,-8.98 2.58,-7.25 2.25,-5.40 1.91,-3.55 1.79,-1.72 1.66,0.09 1.63,0.29 1.59,0.49 1.51,0.67 1.42,0.86 1.30,1.01 1.18,1.17 1.02,1.30 0.86,1.42 0.68,1.50 0.49,1.59 0.30,1.62 0.10,1.66 -0.09,1.65 -0.29,1.64 -0.48,1.58 -0.68,1.52 -0.85,1.41 -1.02,1.31 -1.16,1.17 -1.31,1.03 -1.41,0.85 -1.52,0.68 -1.58,0.49 -1.64,0.30 -1.65,0.10 -1.66,-0.09 -1.66,-0.09 L -1.66,-0.09 Z"/></g><g transform="translate(461.1351318359375 205.7081298828125) rotate(0 8.196533203125 15.81976318359375)" stroke="none"><path fill="#1e1e1e" d="M 0.67,-2.14 Q 0.67,-2.14 3.19,-1.22 5.71,-0.30 8.41,0.43 11.12,1.16 13.44,1.72 15.77,2.28 17.32,2.54 18.87,2.80 20.39,3.09 21.91,3.39 23.15,3.69 24.39,4.00 26.01,4.91 27.63,5.82 28.21,7.44 28.80,9.06 28.21,10.66 27.63,12.27 26.04,13.70 24.44,15.13 22.54,16.05 20.64,16.97 19.45,17.49 18.27,18.02 17.03,18.40 15.78,18.78 13.37,19.36 10.97,19.95 9.66,20.28 8.35,20.62 6.91,20.96 5.48,21.31 3.46,22.15 1.44,22.98 -0.10,23.87 -1.65,24.75 -2.96,25.81 -4.27,26.88 -5.79,27.90 -7.31,28.91 -8.69,29.85 -10.08,30.78 -11.22,31.55 -12.36,32.32 -14.79,32.40 -17.23,32.49 -15.59,32.73 -13.95,32.97 -14.24,33.10 -14.54,33.23 -14.86,33.29 -15.17,33.35 -15.50,33.34 -15.82,33.32 -16.13,33.22 -16.44,33.13 -16.72,32.96 -16.99,32.80 -17.22,32.57 -17.45,32.34 -17.62,32.06 -17.79,31.79 -17.89,31.48 -17.98,31.17 -18.01,30.85 -18.03,30.53 -17.97,30.21 -17.91,29.89 -17.78,29.59 -17.65,29.30 -17.45,29.04 -17.25,28.79 -17.00,28.59 -16.75,28.39 -15.07,27.88 -13.38,27.37 -9.73,27.32 -6.08,27.27 -3.09,27.43 -0.10,27.59 2.62,27.70 5.35,27.81 7.79,27.89 10.24,27.97 11.60,27.89 12.96,27.81 14.71,27.80 16.46,27.79 17.53,27.71 18.60,27.62 20.22,27.61 21.85,27.60 23.08,27.54 24.31,27.48 25.45,27.43 26.60,27.37 29.34,27.28 32.08,27.18 32.48,27.25 32.87,27.31 33.23,27.50 33.59,27.69 33.86,27.98 34.14,28.28 34.31,28.64 34.48,29.01 34.52,29.41 34.57,29.81 34.48,30.20 34.39,30.60 34.19,30.94 33.98,31.29 33.67,31.55 33.36,31.81 32.99,31.96 32.61,32.11 32.21,32.13 31.81,32.15 31.42,32.05 31.03,31.94 30.70,31.71 30.36,31.48 30.12,31.16 29.87,30.84 29.75,30.46 29.62,30.08 29.62,29.67 29.62,29.27 29.75,28.89 29.87,28.51 30.12,28.19 30.36,27.86 30.70,27.64 31.03,27.41 31.42,27.30 31.81,27.20 32.21,27.22 32.61,27.24 32.99,27.39 33.36,27.54 33.67,27.80 33.98,28.06 34.19,28.41 34.39,28.75 34.48,29.15 34.57,29.54 34.52,29.94 34.48,30.34 34.31,30.71 34.14,31.07 33.86,31.37 33.59,31.66 33.23,31.85 32.87,32.04 32.47,32.10 32.08,32.17 32.08,32.17 32.08,32.17 29.34,32.07 26.60,31.98 25.45,31.92 24.31,31.87 23.08,31.81 21.85,31.75 20.22,31.74 18.59,31.73 17.53,31.64 16.46,31.56 14.70,31.54 12.95,31.53 11.59,31.45 10.23,31.36 7.78,31.43 5.33,31.49 2.59,31.57 -0.15,31.65 -3.00,31.74 -5.85,31.84 -9.90,32.40 -13.95,32.97 -14.24,33.10 -14.54,33.23 -14.86,33.29 -15.17,33.35 -15.50,33.34 -15.82,33.32 -16.13,33.22 -16.44,33.13 -16.72,32.96 -16.99,32.80 -17.22,32.57 -17.45,32.34 -17.62,32.06 -17.79,31.79 -17.89,31.48 -17.98,31.17 -18.01,30.85 -18.03,30.53 -17.97,30.21 -17.91,29.89 -17.78,29.59 -17.65,29.30 -17.45,29.04 -17.25,28.79 -17.00,28.59 -16.75,28.39 -14.88,28.97 -13.02,29.56 -14.10,28.82 -15.18,28.07 -14.11,27.38 -13.04,26.68 -11.74,25.67 -10.44,24.67 -9.17,23.63 -7.90,22.60 -6.09,21.31 -4.27,20.02 -2.51,19.19 -0.75,18.36 1.74,17.39 4.25,16.43 5.67,16.06 7.10,15.69 8.50,15.33 9.89,14.98 11.29,14.66 12.69,14.34 14.58,13.94 16.46,13.53 17.51,13.16 18.55,12.78 19.87,12.09 21.19,11.41 22.18,9.67 23.17,7.93 22.11,7.52 21.05,7.11 19.60,6.72 18.14,6.33 16.61,5.95 15.08,5.57 12.68,5.14 10.28,4.70 7.39,4.11 4.50,3.52 1.91,2.83 -0.67,2.14 -0.92,2.03 -1.17,1.92 -1.38,1.75 -1.59,1.58 -1.76,1.37 -1.93,1.15 -2.04,0.91 -2.15,0.66 -2.20,0.39 -2.24,0.12 -2.23,-0.14 -2.21,-0.41 -2.13,-0.67 -2.05,-0.93 -1.90,-1.16 -1.76,-1.39 -1.57,-1.58 -1.38,-1.77 -1.14,-1.91 -0.91,-2.05 -0.65,-2.13 -0.39,-2.21 -0.12,-2.23 0.14,-2.24 0.41,-2.19 0.67,-2.14 0.67,-2.14 L 0.67,-2.14 Z"/></g><g transform="translate(464.8236083984375 190.61578369140625) rotate(0 18.8365478515625 0)" stroke="none"><path fill="#1e1e1e" d="M 0,-2.60 Q 0,-2.60 1.76,-2.53 3.53,-2.45 4.79,-2.48 6.05,-2.50 7.58,-2.59 9.10,-2.68 10.30,-2.75 11.50,-2.83 12.60,-2.89 13.69,-2.95 15.01,-3.00 16.32,-3.04 17.68,-3.08 19.05,-3.12 20.70,-3.14 22.35,-3.15 24.32,-3.15 26.29,-3.14 27.91,-3.16 29.54,-3.17 30.98,-3.19 32.43,-3.22 34.87,-3.24 37.32,-3.27 37.84,-3.18 38.37,-3.10 38.83,-2.85 39.30,-2.60 39.67,-2.22 40.03,-1.83 40.25,-1.35 40.48,-0.87 40.53,-0.34 40.59,0.17 40.48,0.69 40.36,1.21 40.09,1.66 39.82,2.11 39.41,2.46 39.01,2.80 38.52,3.00 38.02,3.19 37.50,3.22 36.97,3.25 36.46,3.11 35.95,2.97 35.51,2.67 35.07,2.37 34.75,1.95 34.43,1.53 34.26,1.03 34.09,0.52 34.09,-0.00 34.09,-0.53 34.26,-1.03 34.43,-1.53 34.75,-1.95 35.07,-2.37 35.51,-2.67 35.95,-2.97 36.46,-3.11 36.97,-3.25 37.50,-3.22 38.03,-3.19 38.52,-3.00 39.01,-2.80 39.41,-2.46 39.82,-2.11 40.09,-1.66 40.36,-1.21 40.48,-0.69 40.59,-0.17 40.53,0.35 40.48,0.87 40.25,1.35 40.03,1.83 39.67,2.22 39.30,2.60 38.83,2.85 38.37,3.10 37.84,3.18 37.32,3.27 37.32,3.27 37.32,3.27 34.87,3.24 32.43,3.22 30.98,3.19 29.54,3.17 27.91,3.16 26.29,3.14 24.32,3.15 22.35,3.15 20.70,3.14 19.05,3.12 17.68,3.08 16.32,3.04 15.01,3.00 13.69,2.95 12.60,2.89 11.50,2.83 10.30,2.75 9.10,2.68 7.58,2.59 6.05,2.50 4.79,2.48 3.53,2.45 1.76,2.53 0,2.60 -0.31,2.56 -0.62,2.53 -0.91,2.41 -1.21,2.30 -1.46,2.12 -1.72,1.95 -1.93,1.71 -2.14,1.48 -2.29,1.20 -2.43,0.92 -2.51,0.61 -2.58,0.31 -2.58,-0.00 -2.58,-0.31 -2.51,-0.61 -2.43,-0.92 -2.29,-1.20 -2.14,-1.48 -1.93,-1.71 -1.72,-1.95 -1.46,-2.12 -1.21,-2.30 -0.91,-2.41 -0.62,-2.53 -0.31,-2.56 0.00,-2.60 0.00,-2.60 L 0,-2.60 Z"/></g><g transform="translate(513.117431640625 258.7516174316406) rotate(0 8.27996826171875 -15.156509399414062)" stroke="none"><path fill="#1e1e1e" d="M -2.12,0.16 Q -2.12,0.16 -2.18,-1.90 -2.25,-3.98 -2.23,-6.72 -2.22,-9.47 -2.26,-11.27 -2.30,-13.06 -2.25,-15.43 -2.20,-17.80 -2.19,-19.77 -2.19,-21.74 -2.25,-23.32 -2.32,-24.91 -2.40,-26.21 -2.48,-27.51 -1.55,-29.34 -0.62,-31.18 1.53,-30.58 3.68,-29.98 4.86,-28.44 6.03,-26.91 6.90,-25.55 7.77,-24.19 8.49,-22.97 9.21,-21.74 10.07,-20.31 10.93,-18.87 11.59,-17.82 12.26,-16.77 13.06,-15.59 13.87,-14.41 14.54,-13.30 15.21,-12.19 15.89,-11.08 16.57,-9.97 16.90,-8.42 17.22,-6.87 17.30,-5.68 17.37,-4.49 16.39,-5.43 15.41,-6.37 14.59,-7.51 13.77,-8.65 13.80,-10.50 13.84,-12.35 13.84,-14.05 13.84,-15.75 13.82,-17.03 13.80,-18.32 13.78,-19.47 13.76,-20.62 13.74,-21.75 13.72,-22.88 13.71,-24.75 13.71,-26.62 13.79,-27.17 13.88,-27.71 14.14,-28.19 14.40,-28.68 14.80,-29.06 15.20,-29.44 15.70,-29.67 16.19,-29.90 16.74,-29.96 17.29,-30.02 17.82,-29.90 18.36,-29.78 18.83,-29.50 19.30,-29.21 19.66,-28.79 20.01,-28.37 20.22,-27.86 20.42,-27.35 20.45,-26.80 20.48,-26.26 20.33,-25.73 20.19,-25.20 19.88,-24.74 19.57,-24.29 19.13,-23.95 18.69,-23.62 18.17,-23.45 17.65,-23.27 17.10,-23.27 16.55,-23.27 16.03,-23.45 15.51,-23.62 15.07,-23.96 14.64,-24.29 14.33,-24.74 14.02,-25.20 13.87,-25.73 13.73,-26.26 13.76,-26.81 13.79,-27.35 13.99,-27.86 14.19,-28.38 14.55,-28.79 14.90,-29.21 15.38,-29.50 15.85,-29.78 16.38,-29.90 16.92,-30.02 17.47,-29.96 18.01,-29.90 18.51,-29.67 19.01,-29.43 19.41,-29.06 19.81,-28.68 20.06,-28.19 20.32,-27.71 20.41,-27.16 20.50,-26.62 20.50,-26.62 20.50,-26.62 20.48,-24.19 20.46,-21.75 20.44,-20.61 20.42,-19.48 20.40,-18.29 20.38,-17.11 20.37,-15.55 20.36,-14.00 20.36,-12.12 20.36,-10.24 20.31,-8.56 20.25,-6.88 20.10,-5.78 19.95,-4.69 19.44,-3.57 18.92,-2.46 17.98,-1.63 17.04,-0.80 15.84,-0.59 14.63,-0.39 13.59,-1.03 12.55,-1.66 11.87,-3.03 11.19,-4.40 11.22,-5.79 11.25,-7.18 10.84,-8.31 10.44,-9.43 9.95,-10.57 9.46,-11.71 8.80,-13.04 8.15,-14.37 7.60,-15.39 7.05,-16.42 6.06,-17.91 5.07,-19.40 4.45,-20.54 3.84,-21.68 3.05,-22.91 2.26,-24.14 1.82,-25.82 1.38,-27.51 1.31,-26.21 1.23,-24.91 1.17,-23.33 1.11,-21.75 1.12,-19.79 1.14,-17.82 1.22,-15.47 1.29,-13.12 1.31,-11.34 1.32,-9.56 1.47,-6.92 1.62,-4.27 1.87,-2.21 2.12,-0.16 2.11,0.09 2.10,0.35 2.02,0.59 1.95,0.84 1.82,1.06 1.69,1.28 1.51,1.47 1.33,1.65 1.12,1.79 0.90,1.92 0.66,2.00 0.41,2.08 0.16,2.10 -0.09,2.12 -0.34,2.08 -0.60,2.04 -0.83,1.94 -1.07,1.83 -1.27,1.68 -1.48,1.52 -1.64,1.33 -1.80,1.13 -1.91,0.89 -2.02,0.66 -2.07,0.41 -2.12,0.16 -2.12,0.16 L -2.12,0.16 Z"/></g></svg>